AP100AA 19 12 27 15 03
AP100AB 19 12 27 15 30
AP100AC 19 12 28 17 00
AP100AD 19 12 30 07 15
			AP100AB 19 12 31 02 30
AP100AE 19 12 31 16 20
AP100AF 19 12 31 19 29
AP100AG 20 01 01 01 45
			AP100AA 20 01 01 05 35
			AP100AC 20 01 01 06 06
			AP100AD 20 01 01 19 46
			AP100AE 20 02 02 02 02
AP100AH 20 01 02 23 30
AP100AI 20 01 15 16 18
AP100AJ 20 01 29 12 30
			AP100AF 20 01 30 18 30
			AP100AG 20 02 01 16 42
AP100AK 20 02 08 14 40
AP100AL 20 02 13 18 35
AP100AM 20 03 03 23 12
AP100AN 20 03 09 11 44
AP100AO 20 03 19 09 55
AP100AP 20 03 25 16 45
AP100AQ 20 03 25 18 15
	--scarti
	AP100AR 20 04 26 05 45

			AP100AH 20 04 26 06 45
			AP100AI 20 04 26 07 45
			AP100AJ 20 04 26 08 45
			AP100AK 20 04 26 15 19
			AP100AL 20 04 26 23 45
			AP100AM 20 04 27 01 45
			AP100AN 20 04 27 01 46

AP100AS 20 04 27 03 15
AP100AT 20 04 28 15 30
AP100AU 20 04 29 13 41
AP100AV 20 05 01 18 15 
AP100AW 20 05 02 05 12
AP100AX 20 05 02 07 19
AP100AY 20 06 07 07 27
	--scarti
	AP100AZ 20 06 30 22 15
	AP100BA 20 06 30 22 59
	AP100BB 20 07 15 03 15
	AP100BC 20 07 18 08 01
	AP100BD 20 08 01 18 00
	AP100BE 20 08 02 16 18
	AP100BF 20 08 05 04 15
	AP100BG 20 08 05 17 00

			AP100AO 20 08 06 17 00
			AP100AP 20 08 07 18 20
			AP100AQ 20 08 07 23 39
			AP100AS 20 08 09 12 11
			AP100AT 20 08 10 11 35

AP100BH 20 08 10 12 35

			AP100AU 20 08 10 12 40

AP100BI 20 08 10 12 45
AP100BJ 20 08 11 11 14
AP100BK 20 09 25 19 59
AP100BL 20 09 26 20 07
AP100BM 20 10 11 14 23
	--scarti
	AP100BN 20 10 24 18 18
	AP100BO 20 11 05 16 19
	AP100BP 20 12 07 21 14
	AP100BQ 20 12 26 14 26
	AP100BR 20 12 28 01 04
	AP100BS 20 12 30 06 30
	AP100BT 21 01 15 05 49
	AP100BU 21 01 17 13 30
	AP100BV 21 02 04 11 47
	AP100BW 21 03 26 19 12
	AP100BX 21 03 28 11 11

			AP100AV 21 03 28 12 12
			AP100AX 21 03 28 15 16
			AP100AY 21 03 29 02 55
			AP100BH 21 03 29 14 32
			AP100AW 21 03 30 05 05
			AP100BI 21 03 30 12 01

AP100BY 21 03 30 12 12
AP100BZ 21 04 12 15 16

			AP100BJ 21 04 12 23 30
			AP100BK 21 04 15 14 32
			AP100BL 21 04 16 02 33
			AP100BM 21 04 26 09 09
			AP100BZ 21 05 15 15 15
			AP100BY 21 06 11 11 17
