AP100AB 19 12 31 02 30
AP100AA 20 01 01 05 35
AP100AC 20 01 01 06 06
AP100AD 20 01 01 19 46
AP100AE 20 02 02 02 02
AP100AF 20 01 30 18 30
AP100AG 20 02 01 16 42
AP100AH 20 04 26 06 45
AP100AI 20 04 26 07 45
AP100AJ 20 04 26 08 45
AP100AK 20 04 26 15 19
AP100AL 20 04 26 23 45
AP100AM 20 04 27 01 45
AP100AN 20 04 27 01 46
AP100AO 20 08 06 17 00
AP100AP 20 08 07 18 20
AP100AQ 20 08 07 23 39
AP100AS 20 08 09 12 11
AP100AT 20 08 10 11 35
AP100AU 20 08 10 12 40
AP100AV 21 03 28 12 12
AP100AX 21 03 28 15 16
AP100AY 21 03 29 02 55
AP100BH 21 03 29 14 32
AP100AW 21 03 30 05 05
AP100BI 21 03 30 12 01
AP100BJ 21 04 12 23 30
AP100BK 21 04 15 14 32
AP100BL 21 04 16 02 33
AP100BM 21 04 26 09 09
AP100BZ 21 05 15 15 15
AP100BY 21 06 11 11 17