AP200AA 19 12 29 07 05
AP200AB 19 12 29 18 40
AP200AC 19 12 29 21 00
AP200AD 19 12 30 07 18
AP200AE 19 12 31 18 18
AP200AF 19 12 31 19 56
AP200AG 20 01 01 01 45
AP200AH 20 01 02 23 48
AP200AI 20 01 15 16 19
AP200AJ 20 01 29 12 45
AP200AK 20 02 08 14 47
AP200AL 20 02 13 18 39
AP200AM 20 03 03 23 12
AP200AN 20 03 09 11 47
AP200AO 20 03 19 09 55
AP200AP 20 03 25 16 45
AP200AQ 20 03 25 18 15
AP200AR 20 04 26 05 52
AP200AS 20 04 27 03 26
AP200AT 20 04 28 15 48
AP200AU 20 04 29 13 47
AP200AV 20 05 01 18 45
AP200AW 20 05 02 05 32
AP200AX 20 05 02 07 49
AP200AY 20 06 07 07 55
AP200AZ 20 06 30 22 17
AP200BA 20 06 30 23 59
AP200BB 20 07 15 03 19
AP200BC 20 07 18 08 05
AP200BD 20 08 01 18 00
AP200BE 20 08 02 16 26
AP200BF 20 08 05 04 18
AP200BG 20 08 05 17 01
AP200BH 20 08 10 12 36
AP200BI 20 08 10 12 58
AP200BJ 20 08 11 11 15
AP200BK 20 09 25 21 00
AP200BL 20 09 26 20 42
AP200BM 20 10 11 14 26
AP200BN 20 10 24 19 50
AP200BO 20 11 05 16 37
AP200BP 20 12 07 21 19
AP200BQ 20 12 26 14 45
AP200BR 20 12 28 01 04
AP200BS 20 12 30 06 30
AP200BT 21 01 15 05 49
AP200BU 21 01 17 13 38
AP200BV 21 02 04 11 49
AP200BW 21 03 26 19 16
AP200BX 21 03 28 11 12
AP200BY 21 03 30 12 26
AP200BZ 21 04 12 18 16