19 01 02 04 47 3000001 19 01 09 19 01 10
19 01 02 07 33 3000002 19 01 24 19 02 19
19 01 02 12 35 3000003 19 01 26 19 02 24
19 01 02 15 12 3000004 19 01 04 19 01 18
19 01 03 00 50 3000005 19 01 19 19 02 03
19 01 03 07 06 3000006 19 02 28 19 03 01
19 01 03 07 08 3000007 19 01 27 19 03 14
19 01 03 20 52 3000008 19 01 24 19 01 25
19 01 04 00 24 3000009 19 02 26 19 04 27
19 01 05 11 50 3000010 19 01 16 19 03 17
19 01 05 11 55 3000011 19 01 14 19 02 18
19 01 05 13 14 3000012 19 03 08 19 03 12
19 01 05 14 40 3000013 19 02 18 19 03 18
19 01 06 00 27 3000014 19 01 14 19 02 13
19 01 06 03 44 3000015 19 02 16 19 03 18
19 01 06 05 12 3000016 19 02 16 19 03 27
19 01 06 09 18 3000017 19 03 09 19 04 09
19 01 06 16 08 3000018 19 01 29 19 04 01